D = exp(-1/14)

a=2940000;
b=210000;

Z1 = a+b-2*a;
Z2=-a-b;
b1=Z1+a*D;
b0=Z2*D+a;
b1=b1/14
b0=b0/14
a1=1+D
a2=D